# dim = 2
1 3.3702239128809266
2 3.044637146959473
3 2.5471893737301823
4 2.405353168039691
5 2.226031892925275
6 2.143991109851876
7 1.975314369336748
8 1.9149675718595887
9 1.8722812723458948
10 1.6934052468187772
11 1.9114258509025817
12 1.7086408441532914
13 1.6568709236525556
14 1.761175719453627
15 1.6302595759846636
16 1.5610535568594082
17 1.5863612029252234
18 1.3681149229465495
19 1.4480177892813881
20 1.5243753138400646
21 1.3645476295035084
22 1.3794515586416325
23 1.4000093686743411
24 1.2978977489788737
25 1.2763616440222756
26 1.2739842745392065
27 1.2971033743631428
28 1.2825451186943861
29 1.2446570289668712
30 1.2277966746746931
31 1.2611896242281484
32 1.2416758845274132
33 1.133551087659868
34 1.1420977187923225
35 1.152326212389167
36 1.1856402339676009
37 1.1553165536842598
38 1.208962750861492
39 1.1664484109094777
40 1.1241959798079857
41 1.059744599133203
42 1.0972805355737323
43 1.1020489719722881
44 1.0917689340629306
45 1.0034054106636296
46 0.988311234590727
47 1.0288320598793836
48 1.0379349542477259
49 1.069837757528012
50 1.0087398526278677
51 0.943724044320283
52 1.0943907009172833
53 1.0101900683957852
54 0.9360010987714702
55 1.0188408480719378
56 0.9217004010950876
57 0.935500826514747
58 1.0057602219503026
59 0.8628986355274776
60 0.8803510067378255
61 0.8702511416335492
62 0.8991816386044793
63 0.8614313612806036
64 0.7807127812853529
65 0.8469307329624899
66 0.855764375030034
67 0.7899923751105731
68 0.8116379434880903
69 0.8501514470890392
70 0.8239257738405185
71 0.7620192559255902
72 0.6896647538585805
73 0.7815637010350307
74 0.5928411323019069
75 0.6828657866317314
76 0.590378653934731
77 0.5482067734672247
78 0.626095616052971
79 0.6025773025464767
80 0.646389216383372
81 0.5811609702566467
82 0.5741778265017818
83 0.6097032568706582
84 0.5935251853266619
85 0.42620459078416584
86 0.5547382100201306
87 0.47611153966288794
88 0.49352083931759133
89 0.5392612763558425
90 0.45515846580070757
91 0.5520997605385303
92 0.5970419922975909
93 0.4079001490369958
94 0.40206855851882306
95 0.3393212148571706
96 0.283674359670822
97 0.357956672527573
98 0.2465114892454742
99 0.15991958102127413
100 0.0

# dim = 5
1 5.14738155044436
2 4.565063808740647
3 4.3114125478602405
4 4.011129304210047
5 3.904810171230001
6 3.732631271257972
7 3.7411535629082584
8 3.5355591669165434
9 3.5965353491247023
10 3.4296765562256817
11 3.3135544184585415
12 3.2381833321974405
13 3.155567416471254
14 3.1390284877538344
15 3.1730628146010575
16 3.1753780527113054
17 2.96588890661198
18 2.9988329847990185
19 2.945208425250666
20 2.802357620510924
21 2.852701421356022
22 2.841733738809074
23 2.7429573661257476
24 2.748073337657194
25 2.8374408406325182
26 2.8475905828744423
27 2.5967572914323673
28 2.758484869354043
29 2.60329642042773
30 2.5072294256431795
31 2.632406550684381
32 2.572778204110201
33 2.55465789575206
34 2.6327117623040768
35 2.5107924360401124
36 2.4513109131033852
37 2.4678586767381785
38 2.4112963090395643
39 2.431279892931241
40 2.4692982892043687
41 2.395917322569052
42 2.3707561870354263
43 2.443219374653585
44 2.4468786287724784
45 2.344449498819677
46 2.376995759872125
47 2.3495731183206345
48 2.3123200851642194
49 2.2987997970195435
50 2.303474110170523
51 2.2997356781382483
52 2.2700520848264034
53 2.220238209283895
54 2.203256031073296
55 2.244917359051957
56 2.332708438462976
57 2.2398511233522904
58 2.191132898703288
59 2.2241561272587207
60 2.2598545420927163
61 2.1690088627964093
62 2.178158419106917
63 2.1970107444737037
64 2.183229235128688
65 2.130743470589027
66 2.1543775552009157
67 2.1831539130870397
68 2.0945005021350136
69 2.0903590418168787
70 2.0476157056500695
71 2.0334068558385168
72 2.0551933531223296
73 2.01825931342346
74 2.0398005422986376
75 2.058369097094608
76 2.0878457195917095
77 2.0184534851799607
78 1.9826530029750515
79 1.9593404911581906
80 1.9654971825440604
81 1.939734134983636
82 1.9358087848162087
83 1.8618947749764323
84 1.858099463838419
85 1.8427714033528777
86 1.8169063922939466
87 1.7459074300658117
88 1.8602131008466642
89 1.8318721174690722
90 1.8332540820038243
91 1.8188639469908647
92 1.628311824700224
93 1.570714961176731
94 1.586036999160425
95 1.566877696762085
96 1.5092478751870129
97 1.4924296163540705
98 1.4476057622301486
99 1.0787332886382008
100 0.0

# dim = 10
1 6.085379975294035
2 5.8887688824449596
3 5.448660626788015
4 5.169678263194091
5 5.0157654374935206
6 4.839560842779681
7 4.780073076509301
8 4.763967796355855
9 4.73022979918383
10 4.56223571232197
11 4.68704297962856
12 4.568108974371712
13 4.43398361707855
14 4.368225648035972
15 4.27348572072359
16 4.34550681826091
17 4.45406443040189
18 4.418210178148584
19 4.28009870170348
20 4.1845375705943875
21 4.1421911462390755
22 4.186154448106599
23 4.173898169735649
24 4.100256817781674
25 4.137709010796682
26 4.024546606719225
27 3.9767736799491034
28 3.940668725137834
29 4.013203534309992
30 4.02634640972961
31 4.042289652192295
32 4.006484929736248
33 3.9348150378747633
34 3.9427210726165223
35 3.923098225733567
36 3.832194020423433
37 3.8647329595388933
38 3.884206239252664
39 3.8715495821184818
40 3.7932671467360413
41 3.7903139957046585
42 3.783043715409433
43 3.717511917149719
44 3.780923037040612
45 3.7001227988914502
46 3.725612448091544
47 3.606007103594153
48 3.7177829609406032
49 3.756463726468546
50 3.620518547338128
51 3.714395170743225
52 3.657637173079756
53 3.7373075189519396
54 3.719817963873825
55 3.512891416544967
56 3.531417438500754
57 3.509155907529876
58 3.5405715217834794
59 3.54724732788357
60 3.564174336132896
61 3.512815123723707
62 3.4293753927346464
63 3.471733865469038
64 3.50781109508221
65 3.4173185221343845
66 3.41407211483659
67 3.3918986865037426
68 3.3377430855004455
69 3.426520677822212
70 3.36400537125427
71 3.395365898248734
72 3.3816962386671983
73 3.3239572862732354
74 3.266247757785144
75 3.4628357970862624
76 3.2520877935323056
77 3.27897648498624
78 3.331570163042958
79 3.18744656963198
80 3.2623527271488593
81 3.230156568819706
82 3.2374967999192905
83 3.2388971748073003
84 3.2419711419839166
85 3.1983237249102805
86 3.1269634130231827
87 3.113946919209454
88 3.2004943232157594
89 3.067267013364799
90 3.084241580740973
91 3.0019861263037897
92 2.9807086307991164
93 2.9472895044428453
94 2.88751328466591
95 2.789107948172128
96 2.8302220028560767
97 2.771636820261574
98 2.60074832730708
99 2.4007400184657888
100 0.0

# dim = 100
1 16.406364852315964
2 15.733338157819247
3 15.409278349706614
4 15.009988289619013
5 14.834774011163148
6 14.708399721100525
7 14.667430497234431
8 14.517626754260752
9 14.4224156971954
10 14.477464400648717
11 14.426922924149022
12 14.33668180222638
13 14.338170843917382
14 14.18352323795157
15 14.340956513119067
16 14.167643941120213
17 14.137981709424938
18 14.133358660611322
19 14.194273197861827
20 13.964561425489336
21 14.020167207343642
22 13.987023178403803
23 14.014821709666668
24 13.920843889982558
25 13.977399080774097
26 13.931308906218609
27 13.88394028427013
28 13.87047076820962
29 13.896480441407656
30 13.8806875449693
31 13.822978393482122
32 13.776474744091022
33 13.808248782945515
34 13.798028149964978
35 13.751703356980451
36 13.715048325585025
37 13.674564601116643
38 13.742645521925951
39 13.661729914915563
40 13.640507896689162
41 13.676927684462498
42 13.666178224739275
43 13.691303967902991
44 13.657140532754557
45 13.614952760503408
46 13.626350370205634
47 13.481452346563225
48 13.524620467355343
49 13.57478569681239
50 13.47611466352318
51 13.546614978292457
52 13.513772920538965
53 13.540900886011832
54 13.400620753247882
55 13.46852086400905
56 13.452282562107959
57 13.42331701841087
58 13.391692981364011
59 13.469227886538869
60 13.420779192277124
61 13.38495662265549
62 13.366920300281944
63 13.4306896536284
64 13.40811279603104
65 13.424669186810013
66 13.375540594830372
67 13.25926886296043
68 13.347387272741376
69 13.251634521104723
70 13.27764001390365
71 13.31478745423179
72 13.26700649496652
73 13.25359673500957
74 13.319758568765735
75 13.291735771812219
76 13.141997355519994
77 13.252962564582706
78 13.223047910289836
79 13.071776693986896
80 13.123814750194082
81 13.064755916290622
82 13.143731439976083
83 13.08775508536473
84 12.988630033175358
85 12.995113240364848
86 13.025563774714906
87 12.973349551723686
88 12.902384493679738
89 12.878006007499545
90 12.926302470137651
91 12.833084548253472
92 12.921103500074143
93 12.778905464969982
94 12.755940828523814
95 12.556999672322839
96 12.540586891695387
97 12.634994055282164
98 12.409371368339356
99 11.804242029118289
100 0.0

